 Event ID : 29
-245.412 -62.3768 172 98 517.45
-250.32 -65.3461 172 98 199.8
-245.412 -56.8448 174 99 270.9
-235.595 -62.3768 174 99 435.25
-240.504 -53.8755 174 99 198.1
-240.504 -65.3461 174 99 214.5
-235.595 -56.8448 176 100 700.05
-230.687 -53.8755 176 100 598.45
-230.687 -65.3461 176 100 73.3
-225.779 -62.3768 176 100 151.6
-225.779 -56.8448 178 101 858.3
-220.871 -53.8755 180 102 944.95
-220.871 -48.3434 180 102 252.1
-215.962 -45.3742 180 102 140.95
-215.962 -56.8448 182 103 550.9
-211.054 -53.8755 182 103 761.75
-211.054 -48.3434 182 103 650.45
-206.146 -56.8448 184 104 229.45
-201.238 -53.8755 184 104 372.75
-201.238 -48.3434 186 105 857.2
-206.146 -45.3742 186 105 414.5
-196.329 -45.3742 188 106 795.55
-191.421 -48.3434 190 107 634.15
-191.421 -53.8755 190 107 81.85
-186.513 -45.3742 192 108 803.9
-196.329 -39.8421 192 108 110.5
-181.605 -48.3434 194 109 292.55
-186.513 -39.8421 194 109 428.8
-176.696 -45.3742 196 110 421.35
-171.788 -48.3434 196 110 74.4
-176.696 -39.8421 198 111 729.6
-181.605 -36.8729 198 111 254.9
-166.88 -45.3742 200 112 122.6
-171.788 -36.8729 200 112 555.1
-166.88 -39.8421 202 113 640.4
-161.972 -36.8729 204 114 771.05
-171.788 -31.3408 204 114 66.2
-157.064 -39.8421 206 115 355.1
-161.972 -31.3408 206 115 274.25
-152.155 -36.8729 208 116 526.7
-157.064 -28.3716 210 117 151
-147.247 -39.8421 210 117 115.6
-152.155 -31.3408 210 117 574.75
-142.339 -31.3408 212 118 600.1
-142.339 -36.8729 214 119 190.35
-139.885 -26.9547 214 119 133.05
-134.976 -32.5545 214 119 94.6
-147.247 -28.3716 214 119 365.35
-137.431 -28.3038 216 120 180.45
-137.431 -31.2053 216 120 163.45
-132.522 -28.3038 216 120 196.7
-134.976 -26.9547 216 120 168.35
-134.976 -24.0532 218 121 96.2
-130.068 -24.0532 218 121 118.75
-132.522 -31.2053 218 121 123.05
-130.068 -32.5545 218 121 68.85
-130.068 -26.9547 218 121 171.35
-122.706 -28.3038 220 122 84.5
-125.16 -24.0532 220 122 143.45
-127.614 -22.704 220 122 106.65
-127.614 -28.3038 220 122 144.85
-127.614 -31.2053 220 122 74.1
-132.522 -22.704 220 122 76.35
-125.16 -26.9547 222 123 149.2
-120.252 -24.0532 222 123 162.75
-122.706 -22.704 222 123 126.7
-120.252 -26.9547 222 123 117.1
-115.344 -18.4534 224 124 75.1
-117.798 -19.8025 226 125 100.9
-117.798 -28.3038 226 125 73.65
-117.798 -22.704 226 125 144.8
-110.435 -18.4534 226 125 108.7
-112.889 -22.704 228 126 136.55
-112.889 -19.8025 228 126 115.55
-115.344 -26.9547 228 126 76.6
-115.344 -24.0532 228 126 129
-107.981 -19.8025 228 126 126.8
-110.435 -24.0532 230 127 96.55
-105.527 -15.5519 230 127 73.6
-103.073 -22.704 230 127 82.75
-105.527 -24.0532 230 127 64.8
-107.981 -22.704 232 128 111.4
-105.527 -18.4534 232 128 143.55
-103.073 -19.8025 232 128 138.3
-100.619 -18.4534 234 129 132.9
-100.619 -15.5519 234 129 104.35
-98.1647 -14.2027 234 129 93.15
-95.7106 -18.4534 234 129 116.55
-98.1647 -19.8025 234 129 113.9
-90.8024 -15.5519 236 130 127.45
-90.8024 -18.4534 236 130 87.5
-93.2565 -19.8025 236 130 78.45
-95.7106 -15.5519 238 131 123.6
-93.2565 -14.2027 238 131 109.45
-88.3482 -11.3012 240 132 85.6
-88.3482 -14.2027 240 132 120.2
-85.8941 -15.5519 240 132 114.6
-85.8941 -18.4534 240 132 68.25
-83.44 -14.2027 242 133 123.85
-80.9859 -15.5519 242 133 112.15
-78.5318 -14.2027 242 133 134.2
-76.0777 -9.95207 244 134 133.25
-78.5318 -11.3012 244 134 160.3
-73.6235 -5.70141 244 134 78
-76.0777 -7.05056 244 134 79.45
-76.0777 -15.5519 244 134 85.4
-80.9859 -7.05056 244 134 60.2
-73.6235 -11.3012 244 134 143.95
-73.6235 -14.2027 244 134 104.6
-80.9859 -9.95207 246 135 108.35
-68.7153 -11.3012 246 135 138.1
-68.7153 -14.2027 248 136 62.05
-71.1694 -9.95207 248 136 162.95
-71.1694 -7.05056 248 136 137.15
-63.8071 -11.3012 250 137 100.8
-66.2612 -9.95207 250 137 136.85
-68.7153 -5.70141 250 137 112.9
-66.2612 -7.05056 250 137 145.15
-63.8071 -2.7999 252 138 74.55
-56.4447 -9.95207 252 138 78.8
-61.353 -7.05056 252 138 170.95
-63.8071 -5.70141 252 138 147.6
-61.353 -9.95207 254 139 116.35
-56.4447 -1.45075 254 139 114.9
-58.8988 -11.3012 254 139 65.85
-61.353 -1.45075 254 139 67.7
-58.8988 -5.70141 256 140 156.35
-51.5365 -1.45075 256 140 143.75
-53.9906 -2.7999 256 140 155.8
-58.8988 -2.7999 256 140 117.2
-53.9906 -5.70141 256 140 157.2
-56.4447 -7.05056 256 140 152.4
-51.5365 -7.05056 256 140 120.25
-49.0824 -2.7999 258 141 155.3
-49.0824 -5.70141 258 141 128.95
-51.5365 1.45075 260 142 67.3
-46.6282 -1.45075 260 142 144.65
-46.6282 -7.05056 260 142 88.1
-44.1741 -5.70141 260 142 91.9
-46.6282 1.45075 262 143 98.3
-44.1741 2.7999 262 143 76.3
-44.1741 -2.7999 262 143 136.15
-41.72 1.45075 262 143 94.2
-39.2659 -2.7999 264 144 119.1
-41.72 -1.45075 264 144 137.55
-36.8118 -1.45075 266 145 126.9
-36.8118 1.45075 266 145 140.45
-31.9035 1.45075 268 146 152.85
-31.9035 -1.45075 268 146 108.45
-34.3577 2.7999 268 146 151.05
-29.4494 -2.7999 268 146 61.6
-39.2659 2.7999 268 146 102.05
-34.3577 5.70141 270 147 94.75
-34.3577 -2.7999 270 147 88.1
-26.9953 -1.45075 270 147 65.45
-26.9953 7.05056 270 147 109.6
-26.9953 1.45075 270 147 124.15
-31.9035 7.05056 270 147 93.6
-29.4494 5.70141 270 147 116
-29.4494 2.7999 272 148 142.9
-24.5412 5.70141 274 149 177.15
-24.5412 2.7999 274 149 165.05
-22.0871 1.45075 274 149 60.4
-22.0871 9.95207 276 150 121.55
-19.6329 11.3012 276 150 97.9
-22.0871 7.05056 276 150 167.3
9.81648 22.704 286 155 67.6
14.7247 19.8025 288 156 152.65
17.1788 18.4534 288 156 172.2
17.1788 15.5519 288 156 74.75
22.0871 15.5519 290 157 105.4
24.5412 19.8025 290 157 132.55
19.6329 19.8025 290 157 120.45
22.0871 18.4534 290 157 119.9
19.6329 14.2027 292 158 84.7
19.6329 22.704 292 158 76.2
26.9953 18.4534 292 158 127.75
26.9953 15.5519 292 158 84.45
29.4494 22.704 292 158 114.55
24.5412 14.2027 294 159 73.35
29.4494 19.8025 294 159 116.5
24.5412 22.704 294 159 81.3
26.9953 24.0532 294 159 67.05
34.3577 19.8025 296 160 100.75
31.9035 18.4534 296 160 97.3
36.8118 26.9547 298 161 67.55
39.2659 22.704 298 161 104
36.8118 24.0532 298 161 131.45
34.3577 22.704 298 161 142.95
31.9035 24.0532 298 161 97.05
39.2659 19.8025 298 161 80.95
36.8118 18.4534 298 161 83.1
49.0824 22.704 302 163 83.75
51.5365 24.0532 302 163 86.65
56.4447 24.0532 302 163 75.5
46.6282 26.9547 304 164 106.8
51.5365 26.9547 304 164 123.7
41.72 26.9547 304 164 70.95
46.6282 24.0532 304 164 103.7
44.1741 22.704 304 164 95.85
41.72 24.0532 304 164 105.85
49.0824 28.3038 304 164 94.6
56.4447 26.9547 306 165 100.6
53.9906 28.3038 306 165 101.55
44.1741 28.3038 306 165 82.4
58.8988 31.2053 310 167 90.1
58.8988 28.3038 310 167 102
61.3529 26.9547 310 167 90.55
63.8071 28.3038 310 167 99.8
66.2612 32.5545 312 168 98.15
68.7153 31.2053 312 168 101.75
63.8071 31.2053 312 168 101.9
66.2612 26.9547 312 168 73.15
61.3529 32.5545 312 168 83.95
66.2612 35.456 314 169 72.45
73.6235 31.2053 314 169 74.15
71.1694 35.456 314 169 67.9
71.1694 32.5545 314 169 95
76.0776 35.456 318 171 72.05
80.9859 35.456 318 171 93.3
76.0776 32.5545 318 171 69.35
88.3482 39.7067 322 173 79.45
78.5318 36.8052 322 173 73.85
80.9859 32.5545 322 173 69.25
85.8941 35.456 322 173 87.55
83.44 36.8052 322 173 88.15
88.3482 36.8052 324 174 81.5
98.1647 39.7067 326 175 82.35
93.2565 36.8052 326 175 71.1
103.073 39.7067 328 176 67.1
105.527 41.0558 330 177 71.75
105.527 43.9573 332 178 74.6
110.435 43.9573 332 178 78.05
112.889 45.3065 334 179 90.75
122.706 45.3065 336 180 58.15
110.435 41.0558 336 180 66.6
115.344 43.9573 338 181 79.45
117.798 45.3065 340 182 67.45
122.706 48.208 340 182 72.05
137.431 45.3742 344 184 132.8
132.522 48.3434 344 184 225.1
132.522 53.8755 346 185 165.4
142.339 53.8755 348 186 228.1
137.431 56.8448 348 186 124.2
147.247 56.8448 348 186 189.55
142.339 48.3434 350 187 169.2
147.247 62.3768 352 188 67.1
152.155 53.8755 352 188 258.75
152.155 48.3434 352 188 100.1
157.064 56.8448 354 189 268.4
161.972 53.8755 354 189 229.85
157.064 62.3768 356 190 138.9
161.972 65.3461 356 190 100.65
166.88 62.3768 358 191 211.3
166.88 56.8448 358 191 229.2
171.788 65.3461 360 192 158.75
171.788 53.8755 362 193 110.9
176.697 62.3768 362 193 213.05
206.146 62.3768 366 195 64
181.605 65.3461 366 195 226.5
181.605 70.8781 366 195 95.05
186.513 56.8448 368 196 84.25
186.513 62.3768 368 196 225.8
176.697 56.8448 368 196 165.9
191.421 65.3461 368 196 220.8
196.329 62.3768 372 198 136.8
191.421 70.8781 372 198 139.15
201.238 65.3461 372 198 192
196.329 73.8474 374 199 113.75
201.238 70.8781 374 199 188.1
211.054 65.3461 374 199 128
206.146 73.8474 376 200 172.2
211.054 70.8781 378 201 203.65
215.962 73.8474 380 202 208.85
215.962 79.3795 382 203 105.2
220.871 70.8781 382 203 175.75
225.779 79.3795 384 204 155.4
230.687 70.8781 384 204 97.65
225.779 73.8474 384 204 167.85
230.687 82.3487 386 205 144.8
235.595 79.3795 390 207 173.2
240.504 82.3487 390 207 132.15
235.595 73.8474 390 207 117.4
245.412 79.3795 392 208 90.65
